-0.374148
-0.507407667
-0.530343667
-0.419236667
-0.35111
-0.49535
-0.469240333
-0.408058667
-0.292682333
-0.345761667
-0.50006
-0.523851333
-0.508528
-0.482596
-0.463351667
-0.438366333
-0.45085
-0.512950667
-0.577157667
-0.755303667
-0.944559333
-1.129188333
-1.284678
-1.367369333
-1.498097
-1.579068
-1.474171667
-1.363147667
-1.328464333
-1.193472333
-1.001732667
-0.617807333
-0.448927667
-0.335010667
-0.277500667
-0.271625
-0.231093
-0.156149667
-0.260735333
-0.416833
-0.492913
-0.610548
-0.678153
-0.415779
-0.348535667
-0.427027
-0.350394667
-0.112644
-0.046180667
0.066276667
0.300485333
0.143042
0.107841667
0.343106333
0.376433667
0.458781667
0.679703667
0.809494333
0.726724667
0.677132667
0.706634333
0.683451333
0.662387333
0.440919
0.728944
0.778945
0.498608
0.405957
0.228967333
0.265507667
0.352132
0.542546333
0.647296667
0.638022333
0.703806333
0.77613
0.733422333
0.586056
0.404393
0.166502667
0.092170667
0.100051
0.048974333
0.271433
0.221803667
0.230758333
0.357646667
0.109037
0.287826667
0.129445
0.336185667
0.205803667
0.158898333
0.242592
0.380647333
0.566732667
0.619149667
0.50854
0.391072667
0.234283333
0.290521
0.200822
0.093710333
0.040185333
0.015681667
-0.053028667
-0.162633333
-0.078275
0.028002333
0.183071333
0.246603667
0.224013333
0.217713667
0.081289333
0.085958667
0.174291
0.157631
0.056524
0.056518
0.117039667
0.027184
-0.024141333
0.1342
0.131057333
0.137117333
0.142993
0.109294667
-0.056852333
