0.057466
0.049898
0.072580667
0.104278
0.120589333
0.039202
-0.088497667
-0.147827667
-0.270604
-0.398189333
-0.399145667
-0.371590333
-0.302323
-0.139916
0.158236
0.424679333
0.548124
0.553375667
0.587644667
0.674827
1.009232
1.301836
1.634199
1.78641
1.667653333
1.287594667
0.972353667
0.775900667
0.743388333
0.793377
0.653542667
0.355629
0.145160333
-0.156351667
-0.539076667
-0.679591333
-0.560184
-0.319673667
-0.069304
0.216302
0.225093333
0.037478667
-0.253886333
-0.441295667
-0.374886333
0.033501667
0.257569333
0.519548333
0.812911667
1.187336667
1.415926
1.453644
1.234686333
1.035527
1.087469
1.177862
0.963764333
0.927226667
1.032446
0.937281
0.802574333
0.954274667
0.941922667
0.795498333
0.592290333
0.419609
0.315906667
0.164728
0.002256333
-0.142353667
-0.293085333
-0.373608667
-0.399206333
-0.494239667
-0.639056333
-0.817823667
-0.985879667
-1.144642333
-1.255522
-1.346216333
-1.394205
-1.376814
-1.395979333
-1.425250667
-1.451585667
-1.493815
-1.471710667
-1.389091333
-1.425461
-1.413977667
-1.338780667
-1.231535333
-0.977444667
-0.734453667
-0.588929667
-0.460364667
-0.279192
-0.307507333
-0.404572
-0.460624667
-0.433865
-0.411318667
-0.525848667
-0.635545
-0.595714
-0.564637333
-0.343562
-0.051213
0.035746667
-0.011222
0.105801667
0.158464
0.165883667
0.04933
0.034595
0.100918333
0.082460333
0.064158
0.005169667
-0.062826333
-0.042686
0.066642333
0.075634
-0.040394333
-0.075270333
-0.140178
0.019586
0.026296667
