-0.175571
-0.220217
-0.212536333
-0.203445
-0.186369667
-0.156524
-0.145753
-0.167559
-0.169020333
-0.175092333
-0.218760333
-0.228997667
-0.18516
-0.068074333
-0.04354
0.042696333
0.273904333
0.355193333
0.493731333
0.550803333
0.626297333
0.726193667
0.797920333
0.765660333
0.728239667
0.774176667
0.667140333
0.592853
0.604429333
0.597625333
0.534255
0.468594
0.343641
0.305533333
0.303384
0.240606667
0.073220667
-0.130313
-0.227247667
-0.446979
-0.523544667
-0.568401333
-0.625524667
-0.645262
-0.723657
-0.787334
-0.801063667
-0.802483
-0.802622667
-0.707757
-0.643630333
-0.584172333
-0.586259333
-0.613311667
-0.578104333
-0.486459
-0.415239
-0.336039
-0.314396
-0.315081667
-0.286944
-0.293312
-0.344334
-0.352647667
-0.304743
-0.377907333
-0.424997333
-0.307190333
-0.17386
-0.121974
-0.116128
-0.079159333
0.030773667
0.139858333
0.195246667
0.249741
0.314157667
0.359057667
0.376241667
0.324611
0.201558667
0.204486333
0.223518333
0.144189667
0.148051333
0.097468667
0.044149667
0.081252
0.191148
0.205479333
0.157882333
0.200071
0.223375333
0.157832
0.096283333
0.145846
0.069093333
0.062985667
0.104377
0.128390667
0.109090333
0.107168333
0.079666333
0.066984667
0.068468333
0.109507
0.065669667
-0.011099
-0.04785
-0.031238333
-0.024411
-0.053884
-0.053989333
-0.058956667
-0.060234
-0.051449333
-0.052325
-0.049169667
-0.034962
-0.034493667
-0.000615667
-0.003482
0.075990667
0.062899667
0.063981
0.082286333
0.088058333
0.070266667
