0.058277667
0.009985333
0.131248333
0.123427
0.172489667
0.165738333
0.067183667
0.079457667
0.056140333
-0.141893333
-0.079319333
-0.038837333
0.028639
-0.038317667
-0.166851333
-0.338845333
-0.459611333
-0.760142667
-1.099995333
-1.41321
-1.781864667
-1.883844333
-2.156761
-2.465189
-2.661161667
-2.597527667
-2.372591667
-1.841133
-1.476277
-1.273378333
-1.440644667
-1.581542667
-1.504769
-1.372773667
-1.286206
-1.353317333
-1.474937
-1.632023333
-1.641861333
-1.397860667
-1.135783667
-0.843266
-0.824804667
-0.795578333
-0.689706667
-0.630426667
-0.458067
-0.155514
0.167397333
0.029993667
0.05155
0.170243
0.481482
0.677862667
1.017689
1.358896333
1.643215
1.934310333
2.122800333
2.135427
2.173573667
2.130049667
2.352070333
2.585619
2.799174
2.88863
2.636238
2.178790667
1.984038
2.024463
2.509645333
2.826981333
1.250409333
1.461796667
1.647859333
1.060135
0.439801333
-0.026629
-0.224962
-0.029622
0.246694
0.506458
0.38407
-0.340642
-0.678240333
-0.738188
-0.510581333
-0.492304667
-0.534596333
-0.448158
-0.319790667
-0.586616667
-1.044523
-1.14552
-0.738478
-0.31753
-0.239842
-0.352819667
-0.703367667
-0.931978667
-1.164007667
-0.923307333
-0.903838667
-1.483537
-1.308831
-1.274109
-1.057512333
-0.854257333
-0.876962
-0.874354667
-0.872962
-0.716908333
-0.528250333
-0.499217
-0.424391333
-0.310228
-0.228444667
-0.212790667
-0.252615
-0.251014
0.013441
0.220428
0.249235
0.269028
0.517149333
0.876461333
1.022417667
1.109652333
