0.143526667
0.127559
-0.041535
-0.090381
-0.134077667
-0.185379333
-0.198737
-0.211859
-0.095073
0.075718333
0.251990667
0.260941333
0.320796333
0.408308667
0.396971
0.372071333
0.379812333
0.196258333
0.012314667
0.06945
-0.044988333
-0.027453667
-0.007529
-0.072423667
0.003828667
0.134668333
0.040662667
0.000322667
0.022635333
0.159788333
0.032982667
-0.084015667
-0.104991667
0.137166667
0.117561667
0.115381
0.017758333
0.054185333
0.008500333
-0.037912
0.062196333
-0.03123
-0.155719333
-0.276369333
-0.323593333
-0.332046667
-0.126527
-0.082149
0.174182667
-0.232860667
-0.296828333
-0.081597
0.003445333
-0.123591
-0.418327667
-0.458238667
-0.028165333
0.303577
0.325670667
-0.074027333
-0.233564667
-0.339420667
-0.312420667
-0.238003
-0.196152
-0.210597667
-0.337840667
-0.022817
-0.187848667
-0.316037333
-0.308625667
-0.209204333
-0.072702
-0.048009333
-0.220017333
-0.262365667
0.027865
0.070670333
-0.189104667
-0.049995
-0.128451667
-0.162649667
-0.197595333
-0.227036333
-0.190011
-0.011352667
-0.153106
-0.084676
-0.077274333
-0.083537333
-0.062050333
-0.136013
-0.119467667
-0.048597
0.046211
0.059171
0.077220667
0.035262333
-0.054068333
-0.088384333
-0.097490667
-0.052913667
-0.059992667
-0.059338333
-0.083985333
-0.060165667
-0.061648667
-0.059037
-0.069373
-0.052820333
-0.053493333
-0.087414
-0.067468333
-0.051416667
-0.049326
-0.024437
-0.055808333
-0.035923667
-0.039493667
-0.041373
-0.054634333
-0.084723667
-0.122374667
-0.056984
-0.043851333
-0.041099
-0.051595
-0.046826667
