0.051769333
0.038699333
0.025457333
0.009062667
0.017045
0.029673
-0.048838
-0.045278667
-0.144837667
-0.206884333
-0.253077667
-0.307232
-0.330841667
-0.358447
-0.381291
-0.431811
-0.484546
-0.53925
-0.579052
-0.603799333
-0.612927
-0.601844333
-0.629381667
-0.678334667
-0.614817667
-0.496364333
-0.425444
-0.390211333
-0.515402667
-0.601737
-0.619874667
-0.615989667
-0.552704
-0.397074333
-0.396451333
-0.335521333
-0.258319333
-0.278558
-0.18913
-0.156616333
-0.148602667
-0.155835667
-0.155873
-0.217509667
-0.166282
-0.032126667
0.327786667
0.511751333
0.613674667
0.560389667
0.528298333
0.537295
0.594651
0.509470333
0.454747
0.500983
0.606463333
0.697505
0.732476667
0.901813
1.056663667
1.061112667
1.078912
1.046341667
0.948003333
0.749965
0.478245333
0.293034
-0.054090667
0.063358333
-0.109387333
-0.169199
-0.203169667
-0.388326667
-0.615727667
-0.940147
-1.250739
-1.496736333
-1.311802
-1.108686333
-0.605169
-0.220412333
0.204036667
0.379847667
0.585974
0.438334333
0.270412333
0.266879333
0.274429333
0.402435333
0.646238333
0.648894333
0.662748667
0.752872333
0.932638667
1.125749333
1.275672667
1.100884
0.782083667
0.701069333
0.62749
0.527704
0.733691
0.340316
0.003888
-0.118645
-0.135746333
-0.018351
0.046765
-0.015862667
-0.007158
-0.047925667
-0.044243
-0.045063
-0.053736333
0.069148667
0.201107
0.504019
0.812143667
1.131633
1.334381
1.402127333
1.343612
1.308176
1.182211667
1.094531333
0.961596
0.767405
