0.275986
0.130103667
0.076802
-0.092709667
-0.010947
0.165869
0.313006667
0.355531667
0.297168
0.330370333
0.260038
0.085003667
0.111694333
0.125373667
0.140429333
0.053599
-0.087680667
-0.190908667
-0.075945
0.009592
0.004034333
-0.017964667
0.171622667
0.092012667
0.123950333
-0.024484
-0.126861333
-0.029016
-0.310834
-0.444702
-0.512178333
-0.292578
-0.865636333
-1.127913333
-1.151699333
-1.096311333
-0.760996333
-0.894293
-1.149879667
-1.040611667
-0.977731667
-0.827302667
-1.019763333
-1.343546
-0.942296667
-0.599167
-0.483851
-0.551333
-0.695514
-0.573358
-0.528414
-0.753728
-1.071053333
-0.873396333
-0.762038667
-0.9302
-0.979178333
-0.814984
-0.086247
-0.345368
-0.720289667
-0.571913667
-0.492841667
-0.354044667
-0.371924333
-0.220383
-0.333885333
-0.952009667
-0.450646667
0.703164
-0.619058333
-0.828858667
0.175272667
-0.760211667
0.062811667
0.042578333
-0.250624
0.251213
0.346003667
-0.180632667
-0.327390667
-0.493332
-0.133303667
0.052799333
-0.025295667
-0.049801
0.161116
-0.294792333
-0.319030667
0.037511667
-0.320585
-0.085702
-0.179621
-0.087944667
-0.355779333
-0.146513333
-0.330582333
0.170753667
-0.073465667
0.312704
-0.150355
-0.023058333
0.126741667
-0.048216333
0.101376333
-0.053503
0.045924333
0.016730667
-0.038440333
-0.173036667
0.049891
0.037961667
0.129943
-0.073676
0.107340333
0.023722333
0.059372333
0.030879667
-0.029940667
0.044258667
-0.049838667
0.024822667
0.051432
-0.073155
-0.062715667
0.068514667
0.039644667
-0.178177333
