0.035675667
-0.011627667
-0.071505667
-0.133155667
-0.179164
-0.171528
-0.145218
-0.070918667
0.024621667
0.123519333
0.254053333
0.353429
0.391811333
0.358894
0.260723333
0.169220667
0.019293667
-0.04383
-0.104553
-0.099377
-0.125816333
-0.246081333
-0.483028667
-0.711166
-0.852331
-0.786472333
-0.518807
-0.426985667
-0.410698667
-0.430133333
-0.358619667
-0.151150333
0.097973667
0.145395333
0.049654333
-0.070567
-0.159388333
-0.164641667
-0.164255
-0.031911667
0.212680333
0.773839667
1.222655
1.581663
1.616040333
1.507003667
1.446455667
1.498130667
1.461155333
1.397640667
1.314572
1.100653
0.871285667
0.491861667
0.378347
0.350666
0.464746667
0.621683667
0.68355
0.732002667
0.792221333
0.829518333
0.78284
0.724898667
0.640728333
0.560444667
0.428533
0.248285667
-0.023785
-0.268377667
-0.409394667
-0.553935333
-0.629664
-0.751962
-0.881315667
-0.916492
-0.921431
-0.894954
-0.887077
-0.872515333
-0.815732333
-0.750004333
-0.688485333
-0.585728333
-0.503667667
-0.466888667
-0.524043667
-0.548771667
-0.529635667
-0.654311667
-0.685089
-0.637728667
-0.602534333
-0.533388
-0.450248333
-0.424363
-0.363019333
-0.328641333
-0.356094667
-0.410719667
-0.46578
-0.500518333
-0.526213667
-0.544684
-0.574745
-0.589522333
-0.547775667
-0.443174667
-0.357372667
-0.309143667
-0.288555667
-0.278816667
-0.290868667
-0.295748333
-0.287672667
-0.278968
-0.252221
-0.196046667
-0.058213
0.016696667
0.030425333
0.098866667
0.117973
0.138866667
0.136466667
0.118335667
0.099914667
0.072558333
