-0.036895667
0.036789667
0.056836333
0.163073
0.229824667
0.286722333
0.295550667
0.301855333
0.304339
0.295718667
0.277644667
0.206946333
0.198053
0.213771333
0.246850667
0.269796667
0.278118
0.141743
0.147215
0.197395333
0.168182
0.137363667
0.089533
0.139265333
0.152184333
-0.030378333
-0.143621667
-0.208130667
-0.280358
-0.283149667
-0.375000333
-0.451587
-0.551473333
-0.501641333
-0.504803333
-0.687926667
-0.762456667
-0.637356
-0.513517
-0.589974667
-0.575706
-0.496758333
-0.463211333
-0.366538
-0.356103333
-0.423363667
-0.416919667
-0.475455333
-0.486378333
-0.491715333
-0.496683
-0.489042333
-0.566383333
-0.639063667
-0.667772
-0.725331333
-0.732797667
-0.749749667
-0.675827
-0.457989
-0.335848
-0.197136667
0.128122667
0.281619333
0.307562
0.374434667
0.663496333
0.662927333
0.641766
0.597098333
0.383423333
0.104011333
0.569645
0.770840667
0.867623667
0.918312
0.942257333
0.813202667
0.471487333
0.321627
0.214922
-0.017687
-0.305700333
-0.454910333
-0.501509333
-0.382786333
0.083368
0.241919667
0.132351333
0.012319333
-0.032371333
-0.114236667
-0.123343667
-0.101929333
-0.127644333
-0.189320333
-0.251409667
-0.288405
-0.094291667
0.176149667
0.252561
0.266085333
0.267383667
0.063072667
-0.250809333
-0.347782333
-0.334084333
-0.292651
-0.291746667
-0.383644333
-0.434433333
-0.392687
-0.266193333
-0.04345
0.049799667
0.096742
0.171209333
0.262235
0.365076667
0.44304
0.433280667
0.381458667
0.317708333
0.328377333
0.244189
0.130543
0.013773
-0.017297333
